(
TestSeq1:0.56250,
Test1:0.06250,
Test2:0.06250);
